-2.807873277244983683e+02
-2.267272043980718195e+02
-6.818431913265501976e+01
-1.260562213142053736e+02
-1.097193222212730745e+02
-8.920685463400587878e+01
-7.595983253701461990e+01
-1.502694996931171829e+02
-9.411174468128940873e+01
-3.953782724959301049e+02
-3.235905560981048268e+01
-2.195017847441791616e+02
-3.499292655009313648e+02
-2.175345493353852646e+02
-1.719723594331099434e+02
-1.448202976554438521e+02
4.052394155646408080e+01
-9.815483218973962209e+01
-1.434549008803273011e+02
-1.020085606897886805e+02
-1.905699712477444336e+02
-5.957986607400860635e+01
-1.491654561443542661e+02
-3.411202425165050727e+02
-4.397471654204436504e+02
-7.322094284366971806e+01
-3.620046024841507233e+02
-1.202584061977503325e+02
-2.273044106158202737e+01
-9.130482519885940462e+01
-2.701602342577939453e+02
-2.341248108206559948e+02
-9.609852126689122542e+01
-2.022919953285805832e+02
-4.989379117774159056e+01
-4.161819159529862873e+02
-2.812487647306488725e+02
-2.303389121580466110e+02
-3.135365895772591784e+02
-1.788579381684573377e+02
-9.213622840321026786e+01
-3.184176172962454530e+02
-1.426850557765387748e+02
-5.433934824148277585e+02
-1.990590286604264350e+02
-2.968392026374003763e+02
-9.076716470539267334e+01
-5.035086930715704057e+01
-1.987324175657325611e+02
-2.647033343141412161e+02
-2.802118573585014474e+02
-2.045615099593649688e+02
-5.772363821370799997e+01
-1.297740657333537513e+02
-2.747726691553424416e+02
-2.858279800771985037e+02
-8.908681086829663798e+01
-3.575923899542450499e+02
-2.642125503343814898e+02
-2.754446765780274973e+02
-2.954538513993328479e+02
-3.611000790171659105e+02
-3.601222892228424826e+02
-2.988280506015707942e+02
-3.490244148217911402e+00
-9.859356393064912538e+01
-2.264092966583314706e+02
-2.343301825200693713e+02
-9.460301218774478116e+01
-3.640684599286774983e+02
-4.709082496723988243e+02
-1.060354082257406390e+02
-1.748186904450479915e+02
-2.415702043806045651e+01
-2.505772779261656069e+01
-3.131014690990774625e+02
-1.969991881267435474e+01
4.290869723907751876e+01
-5.267835590193367779e+01
-1.470013343591958233e+02
-2.179639359203414983e+02
-1.522707100037162604e+02
-2.215027284132772252e+02
-1.433152770312945279e+02
-8.426783711312755543e+01
-1.695698966444325606e+02
-1.799882205028951603e+02
-2.977571272825969118e+01
8.565452963512584006e+00
-2.198411106466461433e+02
-1.784073102720437305e+02
-2.506568383260227506e+02
-2.885743330014391006e+01
-2.016600033332187820e+02
-5.716274547623689273e+01
-1.291653482414608618e+02
-2.675963023101595581e+02
-2.631148983179473362e+02
-1.944965154828428240e+02
-1.356563027935687273e+02
-1.772811911679278865e+02
-1.290414936749858157e+02
-2.676231232702444629e+01
-1.456975536937873983e+01
-1.417847271514798422e+02
-1.562986115671615153e+02
-1.016082854177600581e+02
-3.616215282563350115e+02
-1.209158575133885165e+02
-2.502016632166585453e+01
3.349108142977091518e+01
-1.911608484953769107e+02
-1.223487323563582549e+02
-8.591415772486382707e+01
-5.432393531955463573e+01
-3.217826900329749833e+02
-5.861150269376921784e+01
-4.144271840483120855e+02
-1.181126508564283313e+02
-5.646208394631051419e+01
9.043308562616232393e+00
-8.745670660431073884e+00
-1.878859451226249178e+02
-7.235123504957050500e+01
-2.313918097371080762e+02
-5.154291436316948705e+01
-1.964417530626961934e+02
-1.315394010036986288e+02
6.970036287390562357e+00
-1.329026107719299148e+02
-1.048974412347867684e+02
-1.737941125617106195e+02
-9.818184942271692250e+01
-8.372058618905924732e+01
-4.968727983453854335e+01
-1.066724327283524758e+02
-4.401276419587581756e+01
-8.892837055782997879e+01
-1.138498563139404496e+02
-4.213180722345308027e+01
-3.082091306987519488e+02
-5.795403948517986237e+01
-4.205102020294013698e+01
-1.419757758296491090e+01
-8.627949858013796813e+01
-7.370204437711342393e+01
-2.791018408354736025e+01
-1.460925454591929906e+02
-1.924543660926133271e+02
-1.137142070365085900e+01
-7.724493815029727273e+01
-1.230019063146492329e+02
1.545773971679866676e+01
-1.831143924225288799e+01
-9.522228573639056037e+01
-7.003692161644703162e+01
-1.213513403973293663e+02
-2.608585327913216645e+01
2.459086981101641101e+01
-6.006268847921012366e+01
-8.389456886397297808e+01
-4.840753966398572317e+01
-1.134589199774753183e+02
-7.387212705538306068e+01
-1.365695146411529777e+02
-1.054342352966924921e+02
-3.650624462845497931e+01
-3.255098352188913964e+02
-3.128584722403700624e+01
-5.899774483379454182e+01
-1.156447086695814335e+02
-6.135825300615930189e+01
-2.105444254817041383e+02
-9.837388358586548520e+01
-9.548011897453453400e+01
-4.356429350848087267e+01
-1.673149377171764058e+02
-9.873687476032650068e+01
-1.031290267958274853e+02
-1.497937314660379826e+01
-8.481059482872397837e+01
-9.205197805462015026e+01
-5.310330831410691133e+01
-9.036962641464027968e+01
-3.161140070379402189e+01
-2.722668531053941976e+01
3.445177495623880048e+01
-3.816595029375429249e+01
2.537567716049130695e+01
4.234736019180662669e-01
-4.615119478809731390e+01
-1.021667381480574051e+02
-1.360685116613187233e+02
-9.503263148727049270e+01
-2.463334145655411334e+01
-5.327641023027961609e+01
-3.643309824901820804e+01
-2.657709655446987540e+02
-2.310232220800607763e+02
-3.515494635104744248e+01
1.591161228992251786e+01
-3.901722987529828401e+01
3.203011138578379047e+01
1.919650090505364304e+01
-3.677865845504540943e+01
-3.098397937157936255e+01
8.409789767385942305e-01
-1.765546128476154308e+01
-4.765273818520909543e+01
-2.798247402652698383e+02
-2.042720459981318726e+01
-3.954867279495597643e+01
-5.184817574574309873e+01
2.515362189911770585e+01
-1.377604858112863084e+01
-3.892899955089525577e+01
-1.756679903776421625e+01
7.067994288534425351e+00
-8.101544645639357611e+00
-1.774009038615024991e+01
6.102533569047905004e+00
-1.006927451821206709e+01
1.644710326420963042e+01
5.600563710203413592e+00
-7.510268924276969926e+01
3.182349028219324083e+01
5.565283334781049085e+00
-8.966688362532562184e-01
-4.861978169676051209e+01
-1.219092830516360664e+02
-3.955233307971199430e+00
-5.243811485786739013e+01
-2.761659439069763877e+01
-1.560831381265042417e+01
1.992522664303402635e+01
-3.204625451217288479e+00
-1.271232813188659172e+01
5.651156030951457154e+01
-4.428987481983366337e+01
2.075464990116381259e+01
-1.596228992144632874e+00
1.910125815819739614e+01
2.216194953618772701e+01
3.818286712727137910e+01
-3.907570152956759557e+01
-7.293003179404853320e+00
2.769933852118581896e+01
1.902960500514055653e+01
1.203031341292163603e+01
2.577732752329359656e+01
2.264918450277972539e+01
1.160863032098927050e+01
-9.664197645935389858e+01
1.450364367793001152e+00
2.205106974148385302e-01
6.658393719100502928e+00
-2.220228379608986913e+01
-7.512295053260150901e+00
-5.039556429221199174e-01
-8.522914998777261886e+00
-3.257069441370295948e+01
-3.001599851467114277e+01
1.729983489706516764e+01
2.821951772227500044e+01
7.120915007269868369e+00
2.747382711237405672e+01
-1.212620219070769778e+01
-1.595873984721763428e+01
3.926234402650503341e+01
-3.756360820902643383e+01
6.341478115025782358e+01
-4.510894836960120280e+00
2.913991041689456551e+00
5.221892287525665921e+01
2.636366166503310282e+01
-2.385395091591936279e+01
-4.217177031837746881e+01
6.141487987120366654e+01
6.610270850246587315e+01
2.017254171777465999e+01
3.399652730255662902e+01
-6.022181172052240683e+00
-2.062378601847622051e+01
-1.126238337433340853e+01
4.398039481498481962e+01
-2.098366731729887746e+00
-1.740250269399296457e+01
-2.326051041964587895e+01
-7.774289869949997822e+00
-1.369879172028853986e+01
5.740995262998469428e+01
-1.298660406529593558e+01
-7.398572077477343356e+00
-1.864124388931286846e+00
-2.235792476582705390e+01
1.230297082168795875e+01
2.214779951850245965e+01
3.955856031640614390e+01
2.342058681566019374e+00
2.418169663624550836e+01
2.755548272648292141e+01
1.277658680550376502e+01
4.476001296068062629e+01
-3.394534596681997840e+01
1.426809524616846225e+01
2.989225260302757192e+01
1.133891291417758573e+00
-2.025555700770633294e+01
9.119929096529150181e-02
4.756158355403974980e+01
2.974577647775740985e+01
2.451708728853661867e+01
3.246737494477628871e+01
-3.006236571026447990e+01
8.786278957062563677e+00
-1.363587947608311701e+01
-5.927976991757725855e+00
7.473502673348717451e+01
-5.623754704612914423e+01
5.923814549767169524e+01
1.292006982890041566e-01
-1.075103052941902959e+01
9.183467048526615883e+00
3.319096236150001289e+01
-5.420738475471567952e+00
2.178088335939593989e+01
2.470993792083666918e+01
8.397817891335405704e+01
4.284962837764222598e+01
3.191984595902037647e+00
-1.151716236587948394e+01
-1.743808770093042071e+01
6.401368087893158076e+01
-1.094067583042555469e+01
-1.477300791183736095e+01
1.783751039462292809e+01
5.232420317269259158e+01
-3.958696719884086690e+01
-4.543807425278748369e+00
3.915998620558045218e+01
6.549782110508849087e+01
3.435355719279768749e+01
5.953895036369266336e+01
1.805127166505491942e+01
9.534137588388107432e+00
3.936947950964445653e+01
-4.453624985865603847e+00
2.657526991375221215e+01
2.195960468578455060e+00
-2.889308050628269342e+00
3.293676369282606942e+01
-5.953368479091110999e+00
3.635182718514930400e+01
-2.720177901216113803e+00
-3.376333509330084581e+00
1.507763418442358727e+01
9.720318066320986716e+00
2.611715020057253867e+01
-4.057283627364640211e+00
1.860322194354390035e+01
3.374206666896994022e+01
2.800635684576927531e+01
2.432274911962110053e+01
6.998348510829558222e+01
3.429284541816143417e+01
2.071398498626753693e+01
1.883781853132002748e-01
5.309608434261704701e+00
5.398444006903129377e+01
-1.446324583497258454e+00
2.459767233569690958e+01
-1.509091445159931766e+00
-1.211597382767643438e+01
1.031535750058379541e+01
3.194768672786305430e+01
3.366872916485897349e+01
1.687255202485485839e+01
4.270602058548012536e+01
-1.646319613212850541e+01
-4.737817329672028066e+00
6.062861918215595125e+01
5.132614195450069161e+01
3.220042137551443773e+01
1.127183426350808704e+00
5.117780424070550005e+00
6.302189434643484844e+01
4.191909948153970333e+01
2.637130971821146197e+00
-1.522449494276463078e+01
9.636831471988783093e+00
3.742660660823779750e+01
1.474500862697108694e+01
3.216623429182114080e+01
5.014644473352770149e+01
4.664640014755205755e+01
5.517572543308038746e+01
5.598826293990396863e+01
3.824596638452040764e+01
5.732389679015282979e+01
5.420628627185692494e+01
4.922810062440025547e+01
1.618199422090255624e+01
9.776318273558606720e+00
4.493582074696726636e+01
5.874401609010573111e+01
9.513825276594621627e+00
3.725295160847674225e+01
2.669265997053263462e+01
-9.609462792581098256e+00
3.186734278132156106e+01
3.396633061040783019e+01
2.855027086266954583e+01
2.585957733127350622e+01
1.988209916050444193e+01
4.286309813068085361e+01
4.923520521407900219e+01
7.372793846047229760e-01
7.881340262944286224e+01
5.547330852204383156e+00
-1.210112409148555201e+01
3.369047911250210348e+01
3.008891875954888206e+01
5.665278585062299044e+01
3.522723397237643184e+01
5.971057108766052579e+01
1.885284505548636247e+01
-7.880591945832975398e+00
2.824810725491440877e+01
-2.701213798659650323e+01
6.726804276542537764e+01
2.724151595085837130e+01
5.333496036724702627e+00
1.358808551104708506e+01
2.363097339480241388e+01
5.650492488736459507e+01
2.681139237316140722e+01
2.572085349188029468e+01
1.995239877299084030e+00
8.306506376284568205e+01
3.356831081699914066e+00
4.039094155102228711e+01
2.987972514662619261e+01
3.125532710693578764e+01
3.458267011083221121e+01
8.721625736009764296e+01
2.035586726440018879e+01
4.021787815455431314e+01
3.189527180145998386e+01
5.740143102089005467e+00
1.394901758007696380e+01
5.420659296872382527e+01
4.543630172321944372e+01
6.086055529391357766e+01
-8.062021370846355950e+00
2.604571117806153069e+01
2.361367336124600769e+01
4.291783873823091255e+01
4.440425218442007349e+01
3.623507722785900853e+01
6.337582729223964861e+01
8.847045798475992484e+00
4.182607525496855772e+00
2.797681960826644953e+01
8.294824857791573081e+00
9.416148221358564996e+00
2.710755048503978770e+01
-5.836921456441676703e+00
6.665208976218474390e+01
1.275654892615664693e+01
3.803465677015746849e+01
1.339193084070548245e+01
2.265564780923588373e+01
9.833285295093487832e+01
8.005950853483429341e+01
6.600007361933268157e+01
7.670647015433347349e+01
5.321823692869615030e+01
1.239836708642211605e+01
8.888442334798586586e+00
2.745140111430206531e+00
3.995722384068554334e+01
4.314375802208734001e+01
2.753389348825021443e+01
4.664303228129031709e+01
1.365668773947800041e+01
1.562094206867659452e+01
8.940235100286467684e+01
2.244518448859081161e+01
9.085335336640638104e+01
2.528638006886152034e+00
6.245268946476873850e+01
7.997532538601537055e+01
1.369516808629717985e+01
7.748505097835167987e+01
6.733011605790468934e+01
4.912832599646002762e+01
1.060317357932478544e+01
2.186937095166089406e+01
5.861355848124038204e+00
3.035197617229586342e+01
6.959634891200808227e+01
3.032013279965860164e+01
5.148006119526701241e+01
3.295385974851265942e+00
2.143355580513740577e+01
3.693780480197764149e+01
3.486757044456010846e+01
1.647210110089755375e+01
1.456870120080406750e+01
3.206902082312358004e+01
6.137926791548875372e+01
6.504254747305245132e+01
3.738139017113832452e+00
4.640455763624825636e+01
3.664255746010442749e+01
3.615002122358279024e+01
1.026018346475740550e+01
2.314565587784715106e+01
5.575867101104405865e-01
7.638390772710556575e+01
4.713465861684591118e+01
-4.782310339227893614e+00
1.741740406736474966e+01
1.011462063029854797e+01
2.003964255298304131e+00
2.032606478758924951e+01
1.128382967132735892e+01
7.595867738030550242e+01
3.610310283446816015e+01
5.384189919343609176e+01
1.201982193873477023e+01
2.074993363901976551e+01
6.903833195456635963e+01
2.409962853343779443e+01
-3.616535813115437037e+00
2.752193707169461234e+01
4.842786443587685596e+01
-1.739354481079536896e+01
-1.525831109338094960e+00
8.010171097182711719e+01
3.081546633611928243e+01
7.695628031458923601e+01
2.682435435096280685e+01
3.017362796673075209e+01
4.231569075682992320e+01
4.813256787195148689e+01
3.559900936870052135e+01
-1.866074173708551776e-01
3.319335092357210470e+01
8.681653857196463875e+00
4.699041858143640127e+01
1.211042961084747382e+01
-5.734006334804076843e+00
2.790038322160681616e+01
4.049056825358136535e+01
3.755244525377856490e+01
4.357143130790555574e+01
2.082098858511668027e+01
2.820484600517638718e+00
4.813721101666310176e+01
6.581968346558527116e+01
-2.622370901350006989e+01
1.184927181860905243e+01
2.717784932982083745e+01
2.637704776193057299e+01
1.408955149262208550e+00
-1.325165599386573234e+01
3.422493020581063661e+01
4.352750239866879411e+01
9.232763512134836503e+01
2.992080417039980844e+01
2.227075703602341861e+01
9.460409986387123382e+00
4.695108867329172320e+00
8.238266110698223343e+00
2.280912808297276939e+01
4.741952633013347906e+01
1.062621522902544768e+01
2.294428039048830215e+01
4.073137648808918954e+01
1.182304729532509313e+01
4.410538826000704660e+01
8.064837196251004059e+01
2.488885883254005904e+01
4.182255588738985352e+01
-3.692796618875908266e+00
2.036538076952922083e+01
2.517578596196782570e+01
4.973528250447179744e+01
9.778392172718528741e+01
9.371428822721806284e+01
3.924552402855744759e+01
6.083597776636521814e+01
8.366492147912374833e+01
7.026382871077977654e+01
2.508418086273809422e+01
7.222212722952534136e+01
3.115911870405162176e+01
5.129915693859786785e+01
1.308920715182787120e+01
2.183797445950385097e+01
1.604067544580167137e+01
-1.152669834790004955e-01
2.228583655281639508e+01
1.169353442968377621e+01
4.799133937802816519e+01
-1.843577114251748128e+01
6.475073461378282502e+01
-5.117378388964030300e+00
3.410191808344557529e+01
1.928399375538305804e+01
-1.490905596369764829e+00
4.511746050789881934e+01
7.248991985895242962e+00
6.155963323964525280e+00
6.361999773175082851e+01
3.462475187247819264e+01
3.987509672794971038e+01
3.308115189313449633e+01
3.023211979718776021e+01
2.930001501204177927e+01
3.872077645092119980e+01
3.110563529974942298e+01
4.314092473434331509e+01
9.288135016346424777e+01
1.050137799259807636e+01
2.214497217984265021e+01
3.443458337990943363e+01
2.903681898501590908e+01
6.270201203513774146e+01
5.397836072099033267e+00
-6.937804149943794130e+00
1.943734154658918101e+01
3.370752665918255531e+01
3.339941025554635701e+01
1.359000404153390962e+00
4.095981022591119114e+01
6.350347772842650329e+01
-3.305314698997663836e+00
3.712420893150257939e+01
3.160700520327437246e+01
5.601604137860124411e+01
7.184668863848324349e+01
1.362870129935196850e+01
2.275218803597520179e+01
7.124491222911788668e+01
2.417148618558675111e+01
3.531670276415277243e+01
1.942563725996673263e+00
2.472035509919136587e+01
7.789686587125098072e+01
7.659974283924739780e+00
1.047680332361915312e+01
2.804372811671059651e+01
3.400413142133951538e+01
3.252911802686985254e+01
2.919061978938975344e+01
6.208824343610915264e+01
4.484508809229912885e+01
4.945172580226245174e+01
4.093090929015072987e+01
3.758683437012901862e+01
3.169637412344915806e+00
6.953583870868165207e+01
2.442576363648963689e+00
1.985934998097999937e+01
4.604358941894786739e+01
4.555395168032731590e+01
1.708648004875443149e+01
1.240870111290550248e+01
-6.185612910098214456e+00
3.653363228217336456e+01
7.525337089525201861e+01
1.870991898950606114e+01
2.091631018326944158e+01
5.076194665943524420e+00
2.706307403656456856e+01
1.648771368702550078e+01
-1.265695912998502237e+01
7.311237062280140719e+01
2.131183791585331022e+01
3.731860420355597618e+00
-1.054458238159213401e+01
4.604226511223968288e+01
8.575898610220561125e+01
2.587254463224456202e+01
3.519908281648281445e+01
6.335840719481400640e+01
6.723824152069568072e+01
-1.396426929744602852e+01
6.954857673542633734e+01
2.948127701467101147e+01
6.589456192555701364e+01
7.452147562258387836e+01
6.840428895161707601e+01
3.349580105380665884e+01
-1.366761670088727065e+01
1.578497368221035835e+01
2.572338166575812224e+01
2.982863033137143915e+01
2.860898239707148250e+01
5.095679000413541360e+01
4.028654871222327927e+01
6.350905789588799699e+00
1.031306767466241183e+02
1.320596887779112549e+00
3.288681915591645577e+01
3.016503944415099525e+01
6.545779994835709203e+01
3.210141736623712205e+01
3.817329365950262599e+01
4.985538085941391984e+01
-1.829317181364879374e+01
4.043165757154646656e+01
6.385853256745829754e+01
7.513514630393172133e+00
5.565568459815379398e+00
2.553815168629073540e+01
-6.865072912675273642e+00
-1.168450706235583247e+01
-1.351513472178013586e+01
-7.276347136063374244e+00
2.996860095448045769e+01
2.301946994202699415e+01
5.177005762065610384e+01
3.754620070716399027e+01
6.111404659544588469e+01
8.040574703000135059e+01
7.318337999543970795e+01
7.697953968193208141e+01
2.227486859107378336e+01
4.094047708165905419e+01
1.405822564268782493e+00
6.395680341444648320e+01
6.526848073952659490e+01
-1.390962143929821693e+01
5.220727721666312249e+01
7.659424101598848722e+01
8.463391469922035526e+01
6.652866259586114950e+01
5.812130193327634231e+01
-9.425663719901164583e+00
4.741283930010907710e+01
5.738476798707682569e+00
-2.808113255957536580e+00
7.356166331613574982e+01
2.663355100170892609e+00
-3.512514973660124440e+01
3.191338881426441887e+01
8.198556015966291000e+01
6.453400664466916226e+01
-2.638083266209647704e+01
3.677764108336515392e+01
4.784660384940031719e+01
7.670864707360665946e+00
-6.753136441226760667e+01
1.605362481079210824e+01
3.972486429339073055e+01
4.957376086330368992e+01
4.090981000015429458e+01
2.249197347610494546e+01
3.357323343477162325e+01
8.228699327565858823e+01
-1.545590076396231538e+01
1.301405094537669882e+01
7.138660149477807693e+00
1.363411189684729186e+00
-1.868801914996986113e+01
5.105077874182144626e+01
4.892380927320708395e+01
-7.452132724042343170e+01
2.193726111438686743e+01
3.592169755551915955e+01
6.901860905535978929e+01
8.716431254576286847e+01
-1.696363247752537973e+01
-4.292039526253038417e+00
4.984484735855681947e+01
-2.126102228365843771e+01
7.012828971865866734e+00
3.476978577569985163e+01
6.371328077836604109e+01
2.832598275734851967e+01
-1.177244244654256988e+01
1.292939643682966988e+01
2.333931683785984745e+01
2.940008092943961060e+01
6.878584281728979022e+01
5.363484181256383465e+01
1.583225710513889339e+01
1.368898393028120353e+01
-1.058512296465166758e+00
1.175354217016510816e+01
5.971382944115734404e+01
3.456512269881211807e+01
6.292099703047354353e+01
1.569167771780106335e+01
2.932941213689407789e+01
3.729362083694402941e+01
-2.380769149484690317e+01
-4.781265536934843574e+00
2.627368868138261249e+01
2.895816779058836943e+01
2.181736359609290687e+01
5.726811853136266706e+01
4.766854402697717319e+01
-2.436035800807581708e+01
-2.635894861181019788e+00
9.813253383266413721e+00
1.512501344519708368e+01
-9.629545486559020873e+00
5.972994357975524338e+01
2.796447551137212173e+01
9.705881372400398277e+00
-3.696439060741100491e+01
5.206716822344804996e+01
1.964870594124745296e+01
5.013121227255282975e+01
5.916257337539869354e+01
8.404358094875026097e+01
5.578860237411559808e+01
6.046174794495591698e+01
4.802267244833849702e+01
4.774018815925968795e+01
3.499638062995713739e+01
5.285606526670454031e+01
6.262516947825842806e+01
7.209976246022996804e+01
-1.740131952326133913e+01
6.894659220581633008e+01
-6.226534374505158098e+01
3.087273160614798684e+01
-2.404199202014188685e+00
5.084634698118243534e+01
-1.110244292768498298e+01
6.754881776408298322e+01
2.142276483772786122e+01
2.240905978410857102e+01
3.957584811069204278e+01
-2.944963250001538668e+01
6.126128690138450850e+01
8.376090206020377593e+01
-7.984154555660024855e+00
9.143784978900418992e+01
7.099145971182223036e+01
2.423375299373745761e+01
4.126751228866452692e+01
4.923190760107922870e+01
6.750965792979559410e+01
-2.049860569461093363e+01
3.292509811756733740e+01
4.974170286331363400e+01
6.191625165775401740e+01
3.905690784318775144e+01
2.770862274096324640e+01
1.157965739691777074e+01
3.156497187524481518e+01
4.999845285623220548e+01
8.476656805078196300e+00
6.148632025139042057e+00
4.359182586791072112e+01
4.629749961920960288e+01
5.446778067415047531e+01
5.398395060242694399e+01
-6.274299231774613794e+00
9.718535602673391338e+00
6.142161499945729020e+01
5.727465601136410811e+01
7.357536912541623053e+01
5.262683733448091772e+01
2.561241190289611325e+01
1.755509625138561702e+01
4.744768067322240324e-01
4.992303594061624494e+01
1.349737840999516436e+01
2.613930751872873159e+01
1.058207512193755129e+01
3.384415829283023669e+01
7.156643101233446203e+01
5.406951619784996410e+01
6.672335426855717344e+01
7.931177720358189731e+01
3.559493891354453865e+01
7.495485904756333184e+01
6.074336338238516930e+01
4.524255744960088776e+01
4.498008218241927381e+01
5.781998036999773660e+01
2.088039409808274272e+01
3.444896116083621962e+01
4.420468715225480594e+01
7.166421211117378398e+00
-8.272311282904856178e-01
4.153338140012478163e+01
3.671612617453239302e+00
6.382406313802107434e+01
1.202311749855538459e+01
5.926177639786868667e+01
6.878894108340966795e+01
3.880018006208781856e+01
4.763278118529329674e+01
-3.018591711365436581e+00
-7.997043797157002309e+00
4.842886249152653022e+01
3.475559933012501990e-01
9.444724955630121599e+00
-8.065704542437501345e+00
-6.743059481368308639e+01
4.153944160860817902e+01
3.133980979866555217e+01
3.527369954427001630e+01
-1.224562220520467122e+02
3.034581533189519575e+01
4.433033945104392082e-02
4.347887372268295536e+01
2.940223380904144790e+01
1.632498898587752834e+01
7.036042090481004152e+01
4.727967183966652698e+01
8.543779924353393085e+01
-8.207213885159865185e+01
5.838447371777954231e+01
7.640826359518258393e+00
1.222145090308867843e+01
2.157294314183889483e+01
-9.409311092024415757e+01
-7.222163211228311752e+01
5.405790443482793250e+01
5.957940699012742414e+01
3.290923577472591433e+01
5.587926775461586715e+01
3.114441217403406270e+01
5.897164177911675154e+01
3.563760655202512595e+01
5.248463715636452775e+01
3.705585554189553221e+01
7.212440458857057024e+01
4.074106299564664369e+01
1.246640087549931275e+00
4.068801911347630096e+01
3.925793387062878281e+01
5.566516637075526575e+01
3.519484460659069924e+01
-6.202025434080203325e+01
-1.991269957772400900e+01
5.746097454487335199e+01
-1.335474996662824765e+02
6.321071976094982858e+01
5.104902998434272376e+01
-4.464604083721900096e+00
3.446423350463825841e+01
1.391353593071116634e+01
7.590381349797368671e+01
2.333631195927357993e+01
-8.804645692369015819e+01
5.902580663652822324e+01
3.166167452705258256e+01
5.950944585897434536e+01
1.847761375641144710e+01
5.529334463978579350e+01
2.768513138843316668e+01
4.801601397581084996e+01
-1.323366312716473772e+02
5.436381017207094857e+01
4.046035674734486065e+01
-1.468859206434167319e+01
-1.367833106933018996e+02
1.628528002608187819e+01
3.411877455070809617e+01
2.564570602475702543e+01
2.073126136330412450e+01
7.058261405229187346e+01
1.019074931447430998e+01
5.818611302825420495e+01
2.135864493398650765e+01
6.168086974112067367e+01
6.667385375542659176e+01
-7.380774221847772765e+01
5.380331062305798184e+01
5.310406147782043007e+00
2.529957779502338155e+01
5.034045688364915350e+01
1.919887739197411491e+01
6.584466372489545449e+01
-1.048375853410837379e+02
1.515515470465352621e+01
-2.319188863706770931e+01
5.714761473835464756e+01
-8.278217664079323868e+01
4.238223728275317370e+01
-5.907039478378234065e+01
1.484623415599498397e+00
3.312748212770956258e+01
2.038664005140998015e+01
1.722459056043522452e+01
4.284048019380865213e+01
-1.186155267134989657e+02
4.994425367551902362e-01
4.882285074619711196e+01
6.127649079352278250e+01
